112;               Belarus;Both sexes combined;;   9 872;   9 811;   9 746;   9 679;   9 617;   9 562;   9 517;   9 481;   9 453;   9 433;   9 421;   9 415;   9 417;   9 424;   9 432;   9 439;   9 446;   9 450;   9 453;   9 452;   9 449
100;               Bulgaria;Both sexes combined;;   7 998;   7 931;   7 866;   7 804;   7 745;   7 687;   7 631;   7 577;   7 524;   7 474;   7 425;   7 379;   7 334;   7 290;   7 246;   7 200;   7 152;   7 102;   7 052;   7 000;   6 948
203;               Czechia;Both sexes combined;;   10 289;   10 271;   10 252;   10 239;   10 239;   10 258;   10 299;   10 358;   10 425;   10 488;   10 537;   10 567;   10 581;   10 587;   10 591;   10 601;   10 619;   10 641;   10 666;   10 689;   10 709
348;               Hungary;Both sexes combined;;   10 221;   10 193;   10 167;   10 141;   10 114;   10 086;   10 056;   10 024;   9 992;   9 959;   9 927;   9 896;   9 864;   9 834;   9 805;   9 778;   9 753;   9 730;   9 708;   9 685;   9 660
616;               Poland;Both sexes combined;;   38 557;   38 530;   38 489;   38 442;   38 400;   38 369;   38 354;   38 353;   38 357;   38 352;   38 330;   38 287;   38 227;   38 158;   38 091;   38 034;   37 989;   37 953;   37 922;   37 888;   37 847
498;               Republic of Moldova;Both sexes combined;18;   4 203;   4 187;   4 178;   4 173;   4 168;   4 159;   4 146;   4 130;   4 113;   4 098;   4 086;   4 079;   4 076;   4 075;   4 073;   4 071;   4 066;   4 060;   4 052;   4 043;   4 034
642;               Romania;Both sexes combined;;   22 137;   21 989;   21 853;   21 720;   21 578;   21 417;   21 234;   21 034;   20 830;   20 638;   20 472;   20 337;   20 227;   20 133;   20 036;   19 925;   19 796;   19 654;   19 506;   19 365;   19 238
643;               Russian Federation;Both sexes combined;;   146 405;   145 831;   145 216;   144 611;   144 081;   143 672;   143 403;   143 266;   143 249;   143 327;   143 479;   143 703;   143 994;   144 325;   144 665;   144 985;   145 275;   145 530;   145 734;   145 872;   145 934
703;               Slovakia;Both sexes combined;;   5 399;   5 400;   5 400;   5 400;   5 399;   5 399;   5 399;   5 399;   5 399;   5 401;   5 404;   5 409;   5 415;   5 422;   5 429;   5 436;   5 442;   5 448;   5 453;   5 457;   5 460
804;               Ukraine;Both sexes combined;19;   48 838;   48 402;   47 980;   47 582;   47 217;   46 891;   46 607;   46 366;   46 159;   45 971;   45 792;   45 620;   45 454;   45 287;   45 112;   44 922;   44 714;   44 488;   44 246;   43 994;   43 734
830;               Channel Islands;Both sexes combined;20;    148;    149;    150;    150;    151;    152;    153;    155;    156;    158;    160;    161;    162;    163;    164;    165;    167;    169;    170;    172;    174
208;               Denmark;Both sexes combined;21;   5 341;   5 358;   5 373;   5 387;   5 403;   5 422;   5 444;   5 470;   5 498;   5 526;   5 555;   5 583;   5 611;   5 638;   5 664;   5 689;   5 711;   5 732;   5 752;   5 772;   5 792
233;               Estonia;Both sexes combined;;   1 399;   1 392;   1 383;   1 373;   1 364;   1 356;   1 349;   1 344;   1 340;   1 336;   1 332;   1 328;   1 323;   1 319;   1 316;   1 315;   1 317;   1 319;   1 323;   1 326;   1 327
234;               Faroe Islands;Both sexes combined;;    47;    47;    47;    47;    48;    48;    48;    48;    48;    48;    48;    48;    48;    48;    48;    48;    48;    48;    48;    49;    49
246;               Finland;Both sexes combined;22;   5 188;   5 200;   5 213;   5 227;   5 242;   5 259;   5 277;   5 298;   5 319;   5 342;   5 366;   5 390;   5 415;   5 439;   5 461;   5 481;   5 498;   5 511;   5 523;   5 532;   5 541
352;               Iceland;Both sexes combined;;    280;    283;    285;    288;    291;    295;    300;    305;    311;    316;    320;    323;    326;    327;    329;    330;    332;    334;    337;    339;    341
372;               Ireland;Both sexes combined;;   3 783;   3 842;   3 908;   3 980;   4 058;   4 141;   4 231;   4 325;   4 416;   4 495;   4 554;   4 591;   4 608;   4 615;   4 627;   4 652;   4 696;   4 753;   4 819;   4 882;   4 938
833;               Isle of Man;Both sexes combined;;    77;    78;    78;    79;    80;    80;    81;    82;    84;    84;    85;    85;    85;    84;    83;    83;    83;    84;    84;    85;    85
428;               Latvia;Both sexes combined;;   2 384;   2 359;   2 333;   2 306;   2 279;   2 252;   2 225;   2 198;   2 171;   2 145;   2 119;   2 094;   2 069;   2 045;   2 021;   1 998;   1 974;   1 951;   1 928;   1 907;   1 886
440;               Lithuania;Both sexes combined;;   3 502;   3 474;   3 445;   3 414;   3 381;   3 344;   3 303;   3 259;   3 213;   3 167;   3 124;   3 083;   3 046;   3 009;   2 971;   2 932;   2 890;   2 845;   2 801;   2 760;   2 722
578;               Norway;Both sexes combined;23;   4 499;   4 523;   4 546;   4 570;   4 598;   4 632;   4 673;   4 719;   4 771;   4 827;   4 886;   4 948;   5 014;   5 079;   5 142;   5 200;   5 251;   5 296;   5 338;   5 379;   5 421
752;               Sweden;Both sexes combined;;   8 882;   8 898;   8 921;   8 951;   8 991;   9 039;   9 096;   9 163;   9 236;   9 313;   9 390;   9 467;   9 543;   9 618;   9 692;   9 765;   9 836;   9 905;   9 972;   10 036;   10 099
826;               United Kingdom;Both sexes combined;24;   58 923;   59 124;   59 326;   59 561;   59 873;   60 288;   60 821;   61 455;   62 145;   62 829;   63 460;   64 022;   64 525;   64 984;   65 423;   65 860;   66 298;   66 727;   67 142;   67 530;   67 886
8;               Albania;Both sexes combined;;   3 129;   3 130;   3 126;   3 118;   3 105;   3 087;   3 063;   3 034;   3 003;   2 973;   2 948;   2 929;   2 914;   2 904;   2 896;   2 891;   2 886;   2 884;   2 883;   2 881;   2 878
20;               Andorra;Both sexes combined;;    65;    67;    70;    73;    76;    79;    81;    83;    84;    84;    84;    84;    82;    81;    79;    78;    77;    77;    77;    77;    77
70;               Bosnia and Herzegovina;Both sexes combined;;   3 751;   3 756;   3 759;   3 762;   3 764;   3 765;   3 765;   3 763;   3 754;   3 736;   3 705;   3 661;   3 605;   3 543;   3 482;   3 429;   3 386;   3 352;   3 324;   3 301;   3 281
191;               Croatia;Both sexes combined;;   4 428;   4 408;   4 396;   4 389;   4 384;   4 378;   4 371;   4 362;   4 353;   4 341;   4 328;   4 313;   4 296;   4 277;   4 256;   4 233;   4 209;   4 183;   4 156;   4 130;   4 105
292;               Gibraltar;Both sexes combined;;    31;    32;    32;    33;    33;    33;    33;    34;    34;    34;    34;    34;    34;    34;    34;    34;    34;    34;    34;    34;    34
300;               Greece;Both sexes combined;;   11 082;   11 134;   11 182;   11 219;   11 235;   11 225;   11 185;   11 120;   11 040;   10 959;   10 888;   10 829;   10 781;   10 741;   10 701;   10 660;   10 615;   10 569;   10 522;   10 473;   10 423
336;               Holy See;Both sexes combined;;    1;    1;    1;    1;    1;    1;    1;    1;    1;    1;    1;    1;    1;    1;    1;    1;    1;    1;    1;    1;    1
380;               Italy;Both sexes combined;;   56 692;   56 875;   57 183;   57 565;   57 948;   58 281;   58 543;   58 748;   58 922;   59 106;   59 325;   59 589;   59 879;   60 167;   60 410;   60 578;   60 663;   60 674;   60 627;   60 550;   60 462
470;               Malta;Both sexes combined;;    394;    396;    399;    401;    403;    405;    406;    408;    409;    412;    414;    418;    422;    426;    430;    434;    436;    438;    439;    440;    442
499;               Montenegro;Both sexes combined;;    614;    613;    613;    614;    615;    616;    618;    620;    621;    623;    624;    625;    626;    626;    627;    627;    627;    628;    628;    628;    628
807;               North Macedonia;Both sexes combined;;   2 035;   2 043;   2 049;   2 053;   2 057;   2 060;   2 063;   2 065;   2 067;   2 069;   2 071;   2 072;   2 074;   2 076;   2 078;   2 079;   2 081;   2 082;   2 083;   2 083;   2 083
620;               Portugal;Both sexes combined;;   10 297;   10 341;   10 386;   10 430;   10 471;   10 508;   10 543;   10 573;   10 595;   10 604;   10 596;   10 569;   10 526;   10 473;   10 418;   10 368;   10 326;   10 289;   10 256;   10 226;   10 197
674;               San Marino;Both sexes combined;;    27;    28;    28;    29;    29;    29;    30;    30;    30;    31;    31;    32;    32;    33;    33;    33;    34;    34;    34;    34;    34
688;               Serbia;Both sexes combined;25;   9 488;   9 411;   9 346;   9 292;   9 243;   9 194;   9 146;   9 101;   9 060;   9 023;   8 991;   8 964;   8 940;   8 919;   8 898;   8 877;   8 854;   8 830;   8 803;   8 772;   8 737
705;               Slovenia;Both sexes combined;;   1 988;   1 987;   1 987;   1 988;   1 990;   1 995;   2 002;   2 012;   2 023;   2 034;   2 043;   2 051;   2 058;   2 063;   2 067;   2 071;   2 074;   2 076;   2 078;   2 079;   2 079
724;               Spain;Both sexes combined;26;   40 825;   41 319;   41 920;   42 596;   43 308;   44 019;   44 729;   45 429;   46 069;   46 584;   46 931;   47 084;   47 063;   46 931;   46 778;   46 672;   46 634;   46 647;   46 693;   46 737;   46 755
40;               Austria;Both sexes combined;;   8 069;   8 098;   8 134;   8 176;   8 217;   8 254;   8 285;   8 314;   8 342;   8 373;   8 410;   8 454;   8 502;   8 556;   8 615;   8 679;   8 747;   8 820;   8 891;   8 955;   9 006
56;               Belgium;Both sexes combined;;   10 282;   10 319;   10 365;   10 419;   10 480;   10 547;   10 619;   10 698;   10 779;   10 860;   10 939;   11 014;   11 085;   11 154;   11 221;   11 288;   11 354;   11 420;   11 482;   11 539;   11 590
250;               France;Both sexes combined;27;   59 015;   59 384;   59 803;   60 252;   60 698;   61 120;   61 509;   61 869;   62 209;   62 543;   62 880;   63 222;   63 564;   63 894;   64 194;   64 453;   64 668;   64 843;   64 991;   65 130;   65 274
276;               Germany;Both sexes combined;;   81 401;   81 454;   81 535;   81 614;   81 646;   81 603;   81 472;   81 278;   81 066;   80 900;   80 827;   80 856;   80 973;   81 174;   81 450;   81 787;   82 194;   82 658;   83 124;   83 517;   83 784
438;               Liechtenstein;Both sexes combined;;    33;    34;    34;    34;    34;    35;    35;    35;    35;    36;    36;    36;    37;    37;    37;    37;    38;    38;    38;    38;    38
442;               Luxembourg;Both sexes combined;;    436;    440;    444;    447;    452;    458;    466;    475;    485;    497;    508;    519;    531;    543;    555;    567;    579;    592;    604;    616;    626
492;               Monaco;Both sexes combined;;    32;    32;    33;    33;    33;    34;    34;    35;    35;    35;    36;    36;    36;    37;    37;    38;    38;    38;    39;    39;    39
528;               Netherlands;Both sexes combined;28;   15 926;   16 018;   16 110;   16 201;   16 287;   16 367;   16 440;   16 507;   16 568;   16 626;   16 683;   16 738;   16 792;   16 844;   16 893;   16 938;   16 981;   17 021;   17 060;   17 097;   17 135
756;               Switzerland;Both sexes combined;;   7 144;   7 179;   7 220;   7 268;   7 324;   7 387;   7 458;   7 537;   7 623;   7 714;   7 809;   7 907;   8 008;   8 109;   8 206;   8 297;   8 380;   8 456;   8 526;   8 591;   8 655
